zadan='mini';
t=[1 -1 -1 1 1 1];
c=[-1 -2];
A=[2 1
   0 1
   1 1.5
 -.5 1
   1 0
   0 1];
b=[10 8 21 0 0 0];
u=[inf inf]';